                shoe: 0.061212264001369476
       couch_blender: 0.03310853987932205
                vase: 0.03464548662304878
            elephant: 0.02053130976855755
              hocker: 0.05548643320798874
         banana_tuna: 0.15773555636405945
             chicken: 0.09488276392221451
               plant: 0.031952112913131714
            pumpkins: 0.13976025581359863
         knife_block: 0.03212904557585716
         rubiks_cube: 0.017663344740867615
             headset: 0.07287660986185074
         tennis_ball: 0.07942364364862442
          flashlight: 0.08819406479597092
        leather_book: 0.06844797730445862
